0.4467524646874499
0.1933761083320058
0.3274324641056269
0.3909129860528845
0.2781591740614344
0.29093687412535923
0.28167347503934453
0.4585747032671541
0.3476045228839681
0.38462740996891776
0.3279425366099531
0.3501574514882921
0.45574831634324675
0.3501349383910658
0.36959060434697677
0.3733500919616509
0.24986029141044652
0.3300745664472763
0.38375958728230863
0.375709045949417
0.27127878565180275
0.23987014075230734
0.38764138020718875
0.2874935385923883
0.39315138559697516
0.38872721807466964
0.39751225920527433
0.3602531157726387
0.4117392949534415
0.4520569337653167
0.2979882460356925
0.41299235688119446
0.28950684750894384
0.3411335153773109
0.3283535198163577
0.38605275649343707
0.3362135689529955
0.2789189870416563
0.4424810703857396
0.31779602955479314
0.42349356107155545
0.38509503319913085
0.2620309715454956
0.3576886907788166
0.38904775800057306
0.3517497830774493
0.40639230617524114
0.3846699701971886
0.2984954362093507
0.3995290501638875
0.4743817421598689
0.3870718551682267
0.2592436202143027
0.36159640199262716
0.31610451333597367
0.20208431390676754
0.2895926648432511
0.5365115163809953
0.32206152151520406
0.22565030630888175
0.30239359760201134
0.36985097345756046
0.25731211376441954
0.39722290390373577
0.29185502711590633
0.4473004939277147
0.4054533223118111
0.26551794225905456
0.3874319790571322
0.301835505718716
0.4744856833269512
0.3086251920498424
0.31326516901268986
0.2245639329093151
0.42050553943061986
0.4272678957385795
0.2947877777842841
0.3926423504603913
0.3747865517158151
0.24820107909218023
0.38801754153708023
0.3871937064492836
0.32822295690483416
0.28341396848915396
0.3155335546865453
0.25785662840340023
0.3910710274237734
0.39341308816795745
0.3557094558853924
0.3873483734345122
0.30171572795667434
0.3018838770577738
0.42990071962570775
0.22769872720732598
0.40832485300253585
0.3649932863928755
0.5120700633006015
0.3573611346997613
0.25101896202465124
0.4161458864377105
0.44743184952266546
0.38891209816258454
0.2841309570122542
0.4076679076355826
0.30372499805529757
0.3513792219081655
0.33121121141351273
0.23757797260037547
0.3719110008543102
0.36791274615204295
0.36679351334006005
0.30279791052066846
0.2793056235988144
0.47345083621346357
0.35225412211693363
0.31978816909172547
0.2381258955038873
0.2877715346494962
0.30841213956173863
0.5029308838678576
0.24345548406526307
0.21297141889623838
0.4259507047475157
0.3474527239916716
0.385291633964293
0.2261047746266736
0.23763732946997854
0.31481602101894657
0.28795061182089066
0.40020046461498304
0.25279394209733785
0.29156373473644004
0.308751722232211
0.30598215555982905
0.3516593013083046
0.3191227331759997
0.3829565734861493
0.2973186735276037
0.1942052429238646
0.3362426626530884
0.31511735035270033
0.38140870738761845
0.3871332524952813
0.36184715369110254
0.3470782526433431
0.36020964266452965
0.26601405457255095
0.32770321535097907
0.32717365787176733
0.460530145091648
0.3426452525393403
0.3707442237709276
0.3323021194255802
0.27621390201772034
0.3578697900593384
0.3996956120565071
0.34840141761174925
0.3656662261994017
0.30185622596356515
0.3683023802326483
0.2944313345625772
0.30835977921568847
0.3842334759702489
0.19348785582412964
0.449184441186648
0.41317932290611603
0.3732487620966415
0.39352048537270073
0.309115965546335
0.3628017026787538
0.379210366763463
0.2881542231661507
0.3103291968930054
0.349132974691577
0.4113951440115049
0.24879722952651484
0.4463476358176869
0.35230166898093584
0.4358617644377789
0.40351945818918733
0.21962105643304677
0.4045157813057024
0.3563811107590721
0.249365105554576
0.3171602427982829
0.3471251140609226
0.4729948863667749
0.3841399606358694
0.23185674545114138
0.28668713259637746
0.37800511070894294
0.37019283197975944
0.27527371743178425
0.3146657156230344
0.3549386430958844
0.3327928204358549
0.33723908884043713
0.19843905980626037
0.4234907833330892
0.38733130382492603
0.38673057888842166
0.27190475249467766
0.4268990875118997
0.31621064198451077
0.34691613862159665
0.3845201989582544
0.32197429685163653
0.4174666056121879
0.36215842672842735
0.2776597881586338
0.39961547111451434
0.2964157482738213
0.4212090094723552
0.34006803244458517
0.3864473422923671
0.32766852014526093
0.3622673379367377
0.3049029677235926
0.34143009239729777
0.38864319902159505
0.4293191702718699
0.30825888481099784
0.30139659538593067
0.3842619550074434
0.32668567748804567
0.42289774680742825
0.39578334449280805
0.38766419408034986
0.31718778509421364
0.3077132144220609
0.27968994297317107
0.20624366622737397
0.3586437995303886
0.2925947985930835
0.3308393159032794
0.284913715119211
0.2649018257771858
0.3587622331629482
0.2748822997265963
0.4689844783085859
0.4448932929565977
0.3242081279682908
0.40562039116325277
0.40494700507788955
0.30580283609795816
0.2884618118348377
0.34018073059557924
0.30479946158388604
0.34413377047857974
0.27173235406308127
0.4471797337036624
0.3380900168843951
0.2817870236577088
0.38711427189933745
0.34464908354444357
0.33252969099469076
0.24912119667760857
0.4097037380276121
0.4728079953068334
0.2923152209264738
0.4860326428535523
0.2940864049925169
0.3255524748770394
0.31229339920597876
0.2899898168557916
0.38884156529771474
0.4142935641553222
0.3595262049918784
0.4087980954037133
0.2055365081796497
0.31275215971994785
0.4771850585485314
0.31663167844666695
0.28478701275432156
0.49523786095974
0.3570633719267956
0.3108531522862189
0.29911981556931355
0.33985286961504835
0.24229017968279573
0.4028301434436252
0.4027180628810505
0.37094805803604913
0.422352864878518
0.23960143509232062
0.2668005472745169
0.3339117346251701
0.3256782611380508
0.4112479499812174
0.43265456403666414
0.4058311586598416
0.38114177532401927
0.26069592823219856
0.2790139210131294
0.24876481830182307
0.40570907766962744
0.35051893063950557
0.287939345184559
0.2836686454886727
0.39121954132050185
0.3413459805179301
0.3767146206723868
0.2851383139815278
0.2069381947514779
0.36054597095608076
0.41702169275137935
0.3048438842133625
0.26289788030833383
0.36117073567125174
0.2912531392034181
0.23795686081738004
0.3348164508545115
0.2824816739535989
0.3899302435577335
0.39686108596584324
0.30970715901865375
0.41504192905994
0.3312016069199981
0.41177460845167047
0.32807239690729495
0.24730489052295612
0.4439382220578011
0.3198630909355294
0.28792732035875457
0.3218738648718469
0.3669203545943787
0.42713373052744436
0.42953804875266866
0.3003203226655954
0.38176723914413957
0.2720092065632025
0.37505470489515313
0.29610743990004573
0.4250609539934362
0.3026273872322711
0.40803863497556514
0.30524938139278013
0.3539893832101426
0.4133465402142164
0.31790319637638353
0.29968105477746376
0.3669342048815114
0.3280394656910025
0.4078044857404454
0.36493891046767246
0.39201139720089734
0.39493581121957066
0.2739229194388604
0.32013652872298404
0.2946418616538571
0.26018459185115583
0.22358104506192683
0.2610693248473542
0.3778065692200463
0.3940691859481856
0.2837882098087786
0.3727831675368807
0.34572446446785743
0.4887388007510053
0.27982463057456947
0.3405093148470142
0.24563469184585426
0.3601684754317468
0.2687115600159801
0.33561430403625914
0.2673940899524375
0.33422537043113343
0.4817066930484438
0.26937982294903756
0.3958919971845539
0.31684413488368834
0.3431605020534481
0.31857051999786123
0.3789736514868137
0.39602651832498487
0.35458308344956335
0.2864933490904206
0.2958017707072328
0.29014361346987805
0.34723768804506405
0.4276462921425973
0.3337114573818439
0.37593823132635373
0.3777066139072154
0.3423628993031115
0.3063147322272129
0.3151943137121882
0.22730257662715167
0.2896570597720117
0.27353769628014624
0.26847674633104257
0.2772680307943761
0.2803713445138841
0.301540633655896
0.24771778563313818
0.31333192301045115
0.39223644695249227
0.2248261829327085
0.2657022532214188
0.3677460067179386
0.43829285492181624
0.3078671877544419
0.3937923617789033
0.22537164631990778
0.4355828562635039
0.42210085786504714
0.2441782396903846
0.283692508567543
0.35364360993799004
0.28012727681348293
0.2862984772543924
0.26893502313471024
0.4294034816650572
0.3479246776541213
0.24517472957424047
0.4004953808188453
0.36840899767094504
0.2954107580587133
0.3952017313424332
0.38296293008529647
0.4048824727793272
0.34085683155590757
0.25410824342919625
0.35759989400001113
0.37672457420732014
0.20697883324369448
0.2966622612326456
0.3093921041702291
0.36064052478039804
0.28552957865050477
0.334046785145602
0.3952791115252481
0.39568258383733057
0.36421225798737333
0.4339920357841883
0.41012533672469953
0.3336528874389899
0.4497195687179706
0.32563002808629526
0.44562840221584277
0.3522860088654442
0.34245984520312067
0.3871982382816356
0.2908548273075812
0.40772544501577945
0.34789860580730525
0.25208662935747445
0.25329728730246537
0.2699378395390287
0.33775729792501896
0.3520641102207738
0.43299186979405446
0.3730958769597194
0.27364584506485534
0.41551252434228425
0.43825843245210244
0.21213155128702377
0.42998835301498667
0.29996175255539237
0.38043769339920575
0.4206485740810838
0.354630519165078
0.351204989974229
0.19938884395517997
0.3161045357512492
0.37559457244763705
0.33400116647606726
0.33792641916911825
0.2799376793900724
0.3690906514674064
0.3965341058347631
0.27122157990424955
0.4060791198174658
0.44992487845957496
0.30213618387679053
0.3632363390904477
0.37755418686456355
0.3598822804057844
0.40381806720963853
0.30819312336610216
0.3483827217056107
0.39690544578906006
0.4379269756252061
0.36683398189769845
0.36152381947930046
0.2852905094851738
0.43231255148340175
0.4645273011853861
0.3449701292142142
0.3442240427450179
0.3907080487358533
0.3250677375848574
0.3420787471501948
0.39241259126977723
0.29798762631985387
0.4080460975989567
0.30985408216362353
0.33687196269031805
0.4986834771991312
0.4463101943253452
0.3113246890688556
0.3140914552071407
0.24369864694968707
0.1962707973014869
0.3547615326210939
0.4060226893393166
0.36459901901612357
0.299523741255326
0.30559681336862654
0.4195250135921451
0.3902600060557537
0.3679799781133009
0.42471989510482044
0.4072565381641392
0.24293596170065973
0.26445736835231176
0.36319977443921225
0.33902728409644345
0.42021715711706803
0.3052753013902491
0.3943717480813552
0.3252866372586307
0.3043971020230672
0.3379954397378515
0.42251338755866097
0.3632975996874949
0.347930159841661
0.3844208674146242
0.34326878837980274
0.3596918528757289
0.33675102016997993
0.31922916011034863
0.39204760922491155
0.5000182447462973
0.4139878332302275
0.25293949680132943
0.3941381583620891
0.35295347624391604
0.3299803576149556
0.30398686099868866
0.35365231959589394
0.3785694322911207
0.34565335659350105
0.37280985994319615
0.4482046278410011
0.39647320593464
0.35214389434027205
0.4078116828144169
0.30446298228560975
0.3245175055612593
0.3166965495096554
0.27427256228741737
0.4038043787448723
0.343803493542716
0.30250035743036807
0.4740398894793245
0.35819563666975834
0.3505228874583508
0.35941894288690224
0.36782337162103756
0.31947466470136654
0.3864545864320807
0.34533676844465055
0.2612744024793705
0.30244979746543477
0.4037986684175544
0.3197844995539828
0.24621044007353132
0.36383030075761064
0.3233392416775741
0.23970039758156508
0.42368062395151795
0.38775489700021204
0.4018654696577958
0.40699871650822256
0.3102984133475394
0.32361099308522734
0.36264389111469386
0.3614301767789262
0.44995423579734395
0.3991191778212527
0.4814208605142015
0.3576293081173653
0.291183165346961
0.24091589629755955
0.28607396397128293
0.21617374661095506
0.4262813992384331
0.28944214468899165
0.30993360739332254
0.38051124054425245
0.3884177453131634
0.3826493650309212
0.40442323580566214
0.4110122952466337
0.38099510058451846
0.46288055284005536
0.30599343451117333
0.3990776934633682
0.2550029208865557
0.3182707162389864
0.3613244677447017
0.2609321933586203
0.40569139517691677
0.44310780918434023
0.28188967531213044
0.35323051518893545
0.22830328470218011
0.425908899390419
0.3289627174156162
0.2884315058853103
0.3101550665580324
0.40066515808463843
0.3769165923246951
0.3554103760687709
0.27775488960462075
0.4194336174773041
0.41616728636293565
0.4087828188943392
0.2850254429244581
0.4225447747260651
0.35424829777634265
0.3306254306581034
0.4094548102748569
0.33544792423662206
0.42355539189431324
0.30865140329618623
0.3388412408606646
0.3640732624416111
0.42420583112413496
0.44461039704672534
0.3657238963903985
0.35290907516887315
0.4242981923230105
0.40961694981215846
0.33407386418547436
0.32545896110945527
0.4087513694835466
0.3688896703552341
0.40240159161727207
0.3357899908627836
0.42041670629940253
0.29463927028412545
0.2768084044606794
0.3056174569673818
0.43565425258665036
0.39913282556443097
0.27990157114099057
0.34614186639103395
0.33812913109910847
0.2292587383007435
0.2501086989404079
0.2981261993564564
0.3461959993855005
0.4203764319018666
0.3051749881327851
0.24335134964223878
0.31996073305807254
0.3254390951412318
0.3723766721781787
0.2706751160693966
0.41191230791346345
0.37250312323593504
0.30914064589946455
0.3735949155044276
0.31013718502741877
0.3284240027221488
0.3367328047820086
0.27855503406267806
0.2998112190310608
0.3760802627028986
0.376447714475475
0.3197019907014025
0.2212681168882234
0.32673064134884716
0.2679866979509047
0.2561112736804571
0.30929502332792136
0.16614731880954925
0.3402177520107855
0.33172358423405907
0.27866950235957955
0.308086861338863
0.4120635307712299
0.2500977814485999
0.30056810947990137
0.3560577115873786
0.3669640724654445
0.27877738192087576
0.2959640913673985
0.3117055926571739
0.3322373865929848
0.3676940458379493
0.26671099051737107
0.41051214299386757
0.27537122087803434
0.24103384358860952
0.32239295005755303
0.4200215586642935
0.38598524259988254
0.3541963939644258
0.4047094857816018
0.38642894306058306
0.3971824134408866
0.39473603825397724
0.29127642797614933
0.4917102427974613
0.3534424260534914
0.37981097814133186
0.38437679409169845
0.404030325527657
0.32489585399712234
0.30207167878657215
0.2172835544844749
0.3001795502765532
0.3484789135199124
0.3152959345592683
0.3542639721568748
0.30370197111136177
0.3636313430458997
0.3412350335672475
0.35244565476803724
0.36839551788547154
0.27332277836649344
0.2890266209743287
0.3100637901673066
0.21726217245695378
0.29640134809856755
0.20945683505350088
0.4367302396315943
0.2313389751251356
0.3814009528611495
0.5221020655455526
0.33781426528222985
0.3837695510704575
0.379327806330197
0.4093842479836115
0.2515917330541007
0.26097551508673883
0.409614723467391
0.28815836349287094
0.4253328974280872
0.2745445250802545
0.28666615974680665
0.38270969823791
0.3714274911270462
0.3341791816819014
0.20109970099239693
0.2194461499868022
0.3293559676173957
0.37020121873595113
0.24381470111310993
0.3194151097994078
0.29254496821881326
0.4156474583754308
0.40481697327636645
0.3047261002484146
0.36762438420060495
0.30203130427757563
0.43906502639576894
0.364904819853237
0.39918498380772505
0.3678897149657395
0.23520903146844926
0.3793505997673419
0.37294636447969326
0.3423816504233326
0.40770401472648865
0.29623826238438955
0.36925244435708915
0.3794716842498668
0.3405362995811404
0.40778165181121784
0.23696363886049024
0.43049473164787033
0.21497676378054978
0.272023836375181
0.40088260939173065
0.3786185672774649
0.41905012791747387
0.3375551423253943
0.2584510938028335
0.2611979931171846
0.42011351049326673
0.3390033408111848
0.4113725331105147
0.24271711443344918
0.3268512351767352
0.3936157944244586
0.34858461360712456
0.255573876962092
0.28627011398543123
0.344178561135836
0.2786657217247958
0.3045360235879781
0.417247209724132
0.4423278898499856
0.28999516008564086
0.3012067203833071
0.36293602651990314
0.44973625855490373
0.33832071927998597
0.41365572082609764
0.32335513749684713
0.2905185091913104
0.42006631384112825
0.21751470464548078
0.3164033526749071
0.40171423087169955
0.375356062981859
0.3493053862058091
0.30283704431379344
0.3080892186340377
0.4027032360117624
0.40196742169127
0.4543816509573342
0.41460880079940987
0.42233592863771763
0.347397054999633
0.4367748945314422
0.41841666067148187
0.3700095164020458
0.3015107503920833
0.3407280006902137
0.35216057590537786
0.32362872645480467
0.37718201384047
0.37027975348011266
0.26104672938631746
0.31902259264698823
0.2807822026432519
0.27635750772130063
0.3518657279419467
0.2840823998787174
0.4521546241076574
0.3502473773525894
0.3763458290178565
0.3602257476199471
0.3283204367785139
0.4295513908988454
0.448319724659457
0.33174751014953047
0.2588874025295939
0.1764337580405332
0.41737400403852387
0.3511112908714148
0.3354099190171479
0.28002992996394455
0.36178975716221795
0.2825008272089149
0.30721507378528623
0.20095414444752496
0.40774846567005685
0.29738390708548235
0.4135487259862146
0.3318223237190527
0.24210934149051794
0.29707526918986465
0.36072239883558765
0.42805429408175966
0.3319032438804014
0.31023169448892973
0.28096241591686144
0.5034949437188025
0.40430017205950053
0.2837865876897287
0.317858645135608
0.27217465399533164
0.32178984873982697
0.2557966602280702
0.48335460051830237
0.3018243252674755
0.26111731408237765
0.3660558692755782
0.35403274974646565
0.2784230935329598
0.45051340982118315
0.3129776750857657
0.44913559706225387
0.3254125912307808
0.4020481537261615
0.3854488901594806
0.35403652158899745
0.4293406472209004
0.2924131540802152
0.4011334744784868
0.31438633332909416
0.18097117423936848
0.3855845438403803
0.4593266285492664
0.4024011654781642
0.3185631562499673
0.36099544920161386
0.3055844893992885
0.5055684938494192
0.44402153147793794
0.3388714392342697
0.23012418259679807
0.28928205169413856
0.30943135876128325
0.3535339998681895
0.3204185443237915
0.40464265128222365
0.3822445402793896
0.293672297517962
0.4489964287069589
0.3142413150574228
0.28939657238574434
0.36433677409873877
0.267212208819425
0.38579595662508803
0.3888343103862485
0.2689035209534977
0.3290487806007132
0.325177943220556
0.40122952900380326
0.2709925341050917
0.356784586424264
0.3018478141834284
0.3326606470087319
0.3389385518198148
0.32597186272775547
0.37476312096576103
0.18992429106891895
0.3134270855891793
0.39080533610036583
0.3004648921858063
0.3540647176892332
0.2708167443456766
0.20989519687505137
0.45636424003250575
0.2921151194751679
0.33285995810816316
0.31033856287732764
0.3017266349016173
0.2806394486261581
0.3735021043487807
0.38957127947159925
0.2446225358565748
0.3249793343723444
0.3134711581304034
0.34053715339379853
0.2851210504010191
0.3140164610780697
0.48209535240274515
0.2335166886517155
0.24823769396744547
0.23089644602471643
0.4169221287708813
0.3001496798869149
0.3966609502591478
0.4052344125569074
0.3919661048911905
0.4399129519750421
0.3729637624409974
0.32632192545082395
0.3481984261717151
0.41414498494453833
0.36008809915875717
0.32579437796081134
0.3465250977400006
0.42314183879033174
0.2813163889515765
0.32181448260931605
0.5031865178896465
0.33906790563049277
0.28713372388861025
0.3367299447432603
0.24374953749018075
0.26970226159799515
0.23292452308452255
0.21817300857265468
0.24369646504084977
0.41273944573881516
0.2899093894711807
0.29000979865522236
0.37148829014182533
0.2737292083822919
0.4003842244751138
0.4002729186176607
0.37198700735771306
0.34454832004366803
0.2946152364703187
0.30171159260555025
0.37031130504396315
0.4157827199968236
0.34279554083347213
0.38152151806872164
0.4424066845861714
0.33718555036536596
0.42818042378914933
0.4585306943199565
0.28062103842826885
0.2991478440126279
0.33611181210349006
0.32665300443646345
0.4033961710081949
0.27525601331472005
0.2839548111503819
0.4162421685065706
