0.3279949021005345
0.27804449431380734
0.340499239271288
0.3070396619125949
0.29470992724013223
0.37103955597404237
0.27219598449646565
0.37136711315375165
0.19045035615837266
0.339611589113872
0.2225548079290972
0.3393830358656726
0.37127717284727474
0.28506148169353474
0.3233714377858173
0.3464918939388183
0.3678910836603086
0.4194957066088063
0.379668173996488
0.34297749742321215
0.3047785858289691
0.34136390729592103
0.37426681006802187
0.31689615127265897
0.3886918537967473
0.3354455043818846
0.20112727822945559
0.27408061233294484
0.34675902014382504
0.3064172862759481
0.35697932760062534
0.368155630992086
0.22651050103449027
0.3975114653062666
0.2813747623241048
0.2992087193073692
0.32372543866796344
0.3397989469788378
0.19156195948356408
0.3376695505417716
0.35821082504944957
0.2621920098253438
0.21460440783109058
0.3140021533112305
0.3476505449582509
0.3269099160319714
0.33775827316136253
0.29606704941439543
0.36739800894748786
0.32178740924304167
0.31541085894987253
0.3131294421117249
0.2872510859844718
0.24412321417589408
0.32558432145440774
0.30627723598971557
0.2289617427614063
0.2699511013543502
0.33618445235483463
0.32372853938762175
0.38367866610038764
0.35346608680023717
0.2805598943278841
0.3192516285739178
0.26347466498280875
0.28453337347244834
0.35409454477469016
0.3420751559121925
0.3357842548649339
0.3431627904785579
0.27372714012321075
0.3383577479816545
0.38135438140226324
0.3004530873192287
0.21488871099345197
0.24632778427265878
0.29778083311868386
0.2904544481329537
0.38652166041591907
0.2461008087830851
0.35026791690235703
0.19737340417739
0.3774502757827253
0.359097263101726
0.31777007596048373
0.42122015768189114
0.3672424498769765
0.3439161866462494
0.30170741737286855
0.3533195087267087
0.27253422079234946
0.3481285130664188
0.30382921781228583
0.30593762595893337
0.3413065208787866
0.2634525825646856
0.2714374040722449
0.3719416075800201
0.32549784056662806
0.25902502290198487
0.30407457093987617
0.28696442447784676
0.2852923303989641
0.34466082377245266
0.19541954003299428
0.35067983671691805
0.3049139926072255
0.3351441263442275
0.19256323296153072
0.30577909649295
0.31849894192227524
0.35141192014103007
0.3038278772125331
0.2699856904042979
0.31105115479243106
0.3788203949046036
0.27702624504227696
0.3511395409114472
0.22674789053612326
0.202100564324457
0.3920489594790238
0.21021587337251796
0.2903452574693687
0.25648186757838065
0.3555813462875014
0.3027909217324345
0.27903925814626107
0.23622583369120523
0.303440597198659
0.34459075476816986
0.32990252331740344
0.3056644631748223
0.3592334762156616
0.35740627006467623
0.2774726164043033
0.33595304963098216
0.2654614872890005
0.3226149648777386
0.25030454328878
0.3657997040842616
0.38582685539539247
0.28736234999966187
0.23295131548756726
0.28492212162926317
0.24267731499554612
0.34467532420623653
0.27367498994573286
0.3353746005121223
0.24101820413357034
0.32917359499345555
0.25282826473163544
0.34065040302966154
0.36048917847443196
0.33947560268426064
0.22284949352545125
0.33174530586317097
0.3190689483513134
0.3128331093527502
0.3448450573436015
0.33858364321133755
0.3644514971239198
0.304710580212054
0.3469888537627476
0.29073826725422836
0.2666109532542609
0.31290155289481136
0.339541952908465
0.33126846928216885
0.23211998815735166
0.2944763709492978
0.23831943333749067
0.31730467965090975
0.22720867966901412
0.32033666903454106
0.2679770044549963
0.37173499668962584
0.26064882879659534
0.34466262117627344
0.31145064080993884
0.2788100495387791
0.31489620606978885
0.22145406397303835
0.2629913777925566
0.3690816454628548
0.3063862212617897
0.29700958265770017
0.2633412184516571
0.1845717212697368
0.3623570568825195
0.335568719858123
0.3457589128071903
0.37490085226972303
0.17439559454604778
0.27727874728207513
0.26117979422158233
0.3274482138851568
0.1779730813101566
0.34946199740329525
0.28925881097982853
0.31534058327244163
0.30309196168567165
0.34552397684587005
0.34653204573457935
0.33014284645666336
0.2719997644343056
0.3367061413745366
0.30911560805591787
0.3760807433396499
0.3064421440952557
0.3324129202121132
0.27927067583904086
0.2399705288331737
0.36077001305127876
0.3210546699766585
0.3040714635650176
0.3369082272572729
0.358318979949303
0.3084391130846147
0.2689267089809126
0.31142734647062686
0.3653376320404259
0.3206848576280756
0.37308205941655226
0.2718171772841515
0.2968302571444064
0.3280878173105306
0.3140922604886675
0.346430796653806
0.3500833027093213
0.26855901091742446
0.3768765883108661
0.369475302471626
0.27473783880686214
0.21879274759501227
0.19643420318706456
0.27530145146711327
0.2705864316132607
0.2416068858476103
0.369344626080373
0.2905912781389047
0.24136490794166637
0.336515404381207
0.37450276110639674
0.225203104841853
0.3018454305084033
0.3731299943889317
0.29807654746364964
0.2868944926901068
0.3465101915481264
0.21471780290345954
0.3714014612726911
0.34973685130184085
0.3319589534994495
0.3030333294030779
0.34730474892192387
0.3045404146556153
0.20422126808555136
0.18587490600742876
0.2354358991714507
0.3365536669403715
0.1701297802422344
0.2962182037345519
0.29446207449378914
0.3385345069330111
0.32936521841427746
0.32563237337212486
0.39729474023058575
0.3243055848996794
0.28127577321745656
0.2162975991402818
0.3255634390166152
0.2973078255418061
0.33915874518747513
0.3393131752080686
0.29358145683869685
0.3320101807489176
0.2925299573955426
0.3212428727327397
0.28889083897000056
0.2944987968059081
0.2934336228150921
0.36823721029309264
0.35307123323445955
0.3390911822325414
0.2741268090387139
0.2851850423897706
0.3655175775941834
0.35206420690314216
0.28626421362499577
0.28255456823339975
0.27155604577045045
0.3715319996504348
0.2515709815068826
0.3537977773906301
0.242317051238356
0.31760231772079217
0.286286475369215
0.2951495498562302
0.33245210154981436
0.28508760529795146
0.34586885081046026
0.37146730995236255
0.24051996493831043
0.3345649909169792
0.37107486715543253
0.24806983032262725
0.3493638798135197
0.32678137927319983
0.3065644663471373
0.24172494932263144
0.3497020330528282
0.20479111091843732
0.34826532955228406
0.2814777587010336
0.3419755791306808
0.37618768546053977
0.3572582375143033
0.23982670106255277
0.3114093601615582
0.22810965823213403
0.2579321225468604
0.3499596013107651
0.2704775427798414
0.32248570869180615
0.2582474378906031
0.31590082918581286
0.3214606235569335
0.30359662136901067
0.3254834811627856
0.2141116585879413
0.38834849842502894
0.24958523505523295
0.340486875797556
0.1952203814074454
0.28824054289010514
0.32040905671994513
0.3606832554173291
0.36964521360635405
0.3459030289510191
0.21281473467411946
0.3324734997212998
0.2654440673715983
0.3375689778517548
0.27854908145955715
0.3280827218095117
0.3550074982230189
0.36995267369518825
0.20814623316050918
0.30349093631180624
0.36121834365549793
0.3296076354240227
0.299619262356676
0.2519570501965214
0.2624590309860728
0.3162802162364168
0.2531156012380049
0.3013897478387566
0.3413184737509106
0.35467328523173125
0.2968847470415086
0.35056467146689696
0.36250036877083863
0.38323800121260615
0.3348692183173321
0.3369028972247865
0.3660420821697199
0.33059784135540343
0.31456407102016326
0.293909658812125
0.365823057072738
0.29528936973270425
0.2955569888996401
0.3150420397329884
0.22585321321291696
0.30746717966454795
0.3960998019275904
0.3183578919765676
0.28081743965397266
0.30670513377728464
0.2452177566790548
0.35065944496084056
0.3536163397775498
0.2997675926032149
0.3230721929955843
0.3640323224018456
0.37723334462557995
0.3773639820738124
0.3035718291179779
0.2331919053135323
0.28848150066171385
0.3242678913018642
0.37323559857445276
0.2757135783520009
0.29211321102375865
0.3487257391863203
0.32091593257395706
0.32019257575368576
0.32425568844889885
0.28023507831709504
0.327375387860164
0.302795349253122
0.21468923550838012
0.36755605778015216
0.33601966304274766
0.36680540288602104
0.3919990721230525
0.3057340441816885
0.28643720071345147
0.34245877762701127
0.3557759712467645
0.33685449427304276
0.23651512521301427
0.3468754214617478
0.3243196996592302
0.27379359582675133
0.35871840931966004
0.36765635102117905
0.3016412467526329
0.3618300440729735
0.35594829278099116
0.3718663094282664
0.27837395042724605
0.18042636511959814
0.3527937532037829
0.23790494880372115
0.3851563476180799
0.23045071589206334
0.29471422666993496
0.32651423098521926
0.19559507135741627
0.3303894339530161
0.29952447338239696
0.28314685885806784
0.2235965379178262
0.32685950478232295
0.40147773414474613
0.32632331889100885
0.17151164955465498
0.24075553625415305
0.20015134102320153
0.30941434736552564
0.2907116781395752
0.34304360182606697
0.2565503369153208
0.32832395723865404
0.24846339344574347
0.21173841525586462
0.23554088728097577
0.30370204557077374
0.342519682993258
0.26263219419283346
0.36772233894534223
0.28451134087338126
0.2961001392006709
0.30495902513766926
0.3591231731712238
0.34632086538139706
0.3624221097362742
0.3130330191093511
0.3488735299974356
0.3358258846906934
0.3061178523379808
0.27666389768462707
0.3539937094442924
0.20296807161219788
0.2961001004370589
0.319503321837146
0.2929868303770494
0.33423524555348993
0.3089910460522416
0.2754974492613669
0.3633618817230342
0.3025672751640067
0.2703511516433933
0.3214961409792339
0.3302504777190771
0.20637152344095902
0.22352753451275376
0.32603816825038
0.3327274971463332
0.3486670747887877
0.280535164873801
0.39845862502627805
0.2627263811283621
0.31554004762651733
0.35976841281501776
0.3563484121167116
0.2684008305272552
0.36149621689293
0.35486035120357884
0.2772225531688249
0.3571476998634936
0.33404160553163853
0.2768977187087841
0.34499529592856354
0.3456030512405808
0.2580708307345051
0.2872904496393668
0.274209038109936
0.3437252094235268
0.355596501487918
0.33884914303879354
0.2278994635756288
0.22670304253400217
0.31218778223620314
0.3150144399007284
0.31572111689119375
0.29241129535972094
0.3281475409613187
0.33037489287335414
0.28385423228882195
0.33093753047341745
0.2850209951259963
0.3018978085284193
0.3818434367820314
0.321918058870829
0.3064222562325096
0.23139821632543564
0.29982672744750705
0.2581787164982865
0.3404672842215276
0.3366166893297923
0.46085014704541627
0.2797484230902395
0.24945163603432766
0.22694723744728615
0.4057308606286889
0.3410374568435731
0.34507489385325496
0.34244133155989265
0.19856458053774545
0.22418123023765543
0.314413209401304
0.19818801980147266
0.2506229867164617
0.19773958718140036
0.31085725375077355
0.29441902110527196
0.28251426412577385
0.22588746074073401
0.35951654357122337
0.37643491515339556
0.3233165249056682
0.30581191208528163
0.2015803890023175
0.25445302617692106
0.22731843189580941
0.3087070118159161
0.19962636226121888
0.29982795986306926
0.18670914834179103
0.2970054288157037
0.32117068513983094
0.2981222571151927
0.2695231938195064
0.16172561905113148
0.3632330797275186
0.2935268246472016
0.25861050900108407
0.31834026359575307
0.3246160266718693
0.3452576980164534
0.33780208347232843
0.32294322394792196
0.3567836932818064
0.33766494653177265
0.3328028261868764
0.30505043215333
0.3511531070570015
0.29969464481779917
0.36047720529655525
0.32571597786249984
0.32000603733496186
0.27733453631109983
0.3436069786437223
0.3364194517575102
0.31203414884187064
0.2981418307768874
0.26772479675499655
0.3773216262673381
0.33557539289784427
0.34969142992679003
0.36786059913571967
0.32057544709913394
0.3184772033264431
0.34250401206562486
0.25227340539750137
0.3539216535892438
0.2302783924690547
0.3259708919494053
0.31103129337042806
0.30595749911196124
0.30884454127664984
0.3207281699923924
0.3043543213418691
0.3427830957902711
0.3361031544250784
0.338836513774736
0.34204496666638323
0.3570106114513861
0.3277310972946812
0.3019455385938859
0.30682973056000096
0.3646831310037691
0.2843748692732202
0.3447126340557668
0.3496575894931471
0.26730264520318364
0.3211957305775183
0.2803573582620379
0.34744093922669583
0.36314997627630696
0.2554658674292732
0.24139866659252712
0.288363695674191
0.2913343080148828
0.4112326601938703
0.39078991241789873
0.33500635553490166
0.2826367061545789
0.3403707880598821
0.32529291494039925
0.2874212417288736
0.32600538064029466
0.37003614097513027
0.2984228494584674
0.3016902371210948
0.24200114448168927
0.3665659446468973
0.3484465786017318
0.3449345760170676
0.3305567433547542
0.3292857549628189
0.32722694123296314
0.32071679887073645
0.37083441126040095
0.27379039680074524
0.3078790472624683
0.2687493569944055
0.30569838644982306
0.21445444561680743
0.21650703629659318
0.3702111824992157
0.34877351788252137
0.2773576726955887
0.250785421724097
0.2981129794643744
0.30231241694255195
0.2743247505461302
0.36077440990871346
0.29820097073352925
0.27779692794907157
0.30556978458202955
0.31745588880057823
0.3361727133238597
0.18083740096143408
0.2941452122594259
0.2735752724250159
0.22695222363779977
0.3503419500734303
0.33299695000495155
0.30171094110271723
0.2817019699119404
0.28832890458465876
0.27957567853557075
0.33066133951761595
0.19045845581878323
0.17697626074882966
0.28153475824196983
0.29376063488549153
0.1825178218816672
0.30504774284759884
0.3556194871547678
0.23132653778849846
0.4091051809539282
0.320250293377128
0.33315164102630335
0.31614261864647897
0.2750587290850285
0.3379189677334102
0.2806086272208775
0.3434877378526844
0.2093298512980574
0.34518345855146604
0.24453912990808724
0.29232881455119364
0.3660219389130197
0.2896585910308372
0.3997682521167636
0.31098927461085957
0.23968203569313817
0.25782250850859123
0.31299706672051103
0.30893668875971003
0.3353831883154764
0.37315196932241257
0.2960721207145429
0.3061263672078075
0.31436259153361956
0.32638424820535017
0.20496532367613218
0.3368599574132216
0.3205546312849894
0.29656285472620947
0.2982751218825243
0.19847615907843022
0.3581589878382414
0.22875555918042395
0.31097376492375495
0.3602418658537794
0.27718556708891523
0.3561927551887598
0.3539213972436392
0.2673686166768098
0.28311774960481584
0.3329082574117905
0.3043934287337749
0.3536686401120728
0.3097166961959348
0.35509818958967815
0.3608628099306984
0.19730504520113332
0.2705086916785646
0.3297870966949342
0.2757968243878952
0.2699705101630993
0.3468114023258913
0.2820493992602393
0.30967906193187006
0.38957168928215163
0.3150138444642171
0.33360583021446394
0.37940533353733297
0.32193323184421346
0.26352818344040396
0.26819287615529724
0.18724010768726057
0.27501812646703866
0.21216485959766013
0.3812777552705583
0.33603373301841677
0.38830348437864426
0.3484360183674562
0.3019740900107586
0.3714599881632839
0.3977073718340163
0.1944584574721567
0.31509013736068536
0.3880535581731323
0.28445491479172247
0.33454099045776975
0.3078790716677222
0.32850097326073713
0.335935346103068
0.3512413957988165
0.23561908845474905
0.3312911353443557
0.2729938025781323
0.33186368888898204
0.33126725598587475
0.3121280699425615
0.35215901979532427
0.35018077996461516
0.3909265346295616
0.2383477924801765
0.2195770748509828
0.2732880188074853
0.306916874555507
0.3706937526786607
0.3470044704550792
0.2929322421023015
0.33976487986929693
0.28028368239373586
0.33341000411852206
0.300820084743185
0.3842221938542558
0.27626935661334157
0.28281908200019734
0.32484405628849516
0.40913727860384874
0.2787093658528862
0.276592972884263
0.33086586180486766
0.253967921187966
0.32312829845978996
0.3131193048751052
0.30349620882075656
0.2627095306374282
0.3112580481550721
0.39941580512192754
0.29152350926597637
0.37750355022390575
0.344153613731747
0.2559501731103866
0.3785024427841366
0.3535017530465695
0.32397277095640103
0.1971080477754223
0.2800944041952644
0.3226836205513206
0.2441211936564165
0.3427145365417299
0.34205870374994496
0.41849783789333583
0.22819755750885912
0.3411487330225558
0.40653690387020647
0.3685881821464967
0.35545372597932084
0.31693922818484427
0.335075861245527
0.31502560538715796
0.24775443770569128
0.3436590003549537
0.30712194290912265
0.3175651116879472
0.31468636297001834
0.21719037106701838
0.26585686493730226
0.282215908978549
0.2917238939017921
0.2728641992866523
0.24352508551357066
0.3539537827417715
0.2143536820882406
0.3908260258478421
0.3660924504229216
0.3585080027702505
0.31014617015866586
0.3763312534574432
0.33122130336126854
0.2780811822552282
0.24997876994622753
0.2921160464634661
0.22962839426407555
0.34691549380366565
0.34539654398791053
0.3165234092162433
0.29598196846473157
0.3130123055915751
0.2177664221679312
0.2594100129371066
0.24300962327700606
0.292457456585003
0.29348066054814176
0.30403637287178065
0.34604452895705184
0.3172480710654055
0.38153198763055596
0.3628450955755152
0.3597975042780773
0.3437331120446935
0.27858043327407683
0.3217594238191194
0.33640946287482393
0.31163298399853456
0.355245801203261
0.3496497355034933
0.3206268053477096
0.3376570863520224
0.301993342239997
0.2973603216817491
0.3437777446810254
0.3859094226387303
0.37181635961494214
0.21838242574203304
0.3471939925091881
0.34076225732549426
0.3192986883919331
0.2990649871845051
0.27818499296744953
0.3215299510289693
0.23503265113530186
0.2088622687174974
0.307220128357318
0.2605368498533439
0.33194848282748834
0.20277001841731565
0.25811760886286245
0.2672937996544814
0.3319396876283983
0.3258162924593132
0.2969075225998634
0.2806486292253325
0.3394664021926401
0.38046533743448163
0.31503784813440383
0.3518805860373099
0.34608206549334075
0.2794520640040391
0.3183078374691568
0.23893144957474433
0.35402936996464607
0.35593506717569895
0.3173619351116636
0.2359399800518428
0.30217625277791943
0.2951221550972011
0.37941076684364106
0.32660186355434834
0.2907097002756994
0.21650727628788285
0.28701896873714433
0.2806290630336875
0.35611940050773716
0.3121278369903715
0.2570337966603242
0.3218451342447962
0.3553996223607292
0.38192388410031186
0.29580194653217906
0.3158225819133955
0.3365687406694574
0.2920198520961923
0.3129060548086269
0.3669476462410515
0.35432399035710715
0.30081430181145796
0.22977292799874768
0.3270825563273757
0.2505283545196651
0.282465864679457
0.3202819673177572
0.24107704210156755
0.28146248667925633
0.2557169689994059
0.28328845241357903
0.2562825703989689
0.31072842552171215
0.3273787063983213
0.3108973055917295
0.22118413688812388
0.31964303745207645
0.2486317576182329
0.18903895472599536
0.37018410876504126
0.3026005266791241
0.24250934092979778
0.3142616146495511
0.29353726516809975
0.2941738073485973
0.32618786666189103
0.34032509160467384
0.26889729176293586
0.35704885737319136
0.32582601386208937
0.33540604605150737
0.2125999263163012
0.3275152738614713
0.35339973690763843
0.2807711512816735
0.3163234839672976
0.2938062666612292
0.3474916765811402
0.31011211722937526
0.32084413629557806
0.28379451204752837
0.3341934544577466
0.2477564438490455
0.2579587641131456
0.3314088198122834
0.3454610842919511
0.25278112575842515
0.3357866901474513
0.30891303416457505
0.2787476545049905
0.3353218204376497
0.2885428778998868
0.37159204802580625
0.33248830389375084
0.25972413565201896
0.3614156943296184
0.2936668224732736
0.33194406344628513
0.23182958519943087
0.2667522139532117
0.3092029619078216
0.2968600671507762
0.20467903203924204
0.27768376836636827
0.34183609878322163
0.2933279566169755
0.33470156276252283
0.3082347002417188
0.3683137071219691
0.2960758977680863
0.3302746501690134
0.30267827920124546
0.33065930251637027
0.2505708102567262
0.279146801323122
0.3510175977342667
0.3374914175028171
0.21253435679586238
0.21770016758762084
0.314302349615519
0.30847696775729405
0.28568074865192983
0.38811548504040405
0.29299029401634646
